epoch=1 crossentropy(validation): 4.763031194329123

epoch=1 crossentropy(validation): 4.911174377068826

