epoch=1 crossentropy(train): 4.163485516213345

epoch=1 crossentropy(train): 3.759405233595188

